6,26000,1688453657892658
6,-22258,1688453658001064
6,32473,1688453658111060
6,6152,1688453658221401
6,-16180,1688453658331060
6,-1605,1688453658441072
6,-21679,1688453658551060
6,27154,1688453658661066
6,19641,1688453658771052
6,154,1688453658881370
6,-22666,1688453658991060
6,27814,1688453659101072
6,-25124,1688453659211072
6,-21208,1688453659321068
6,-29430,1688453659431072
6,-20682,1688453659541350
6,-8428,1688453659651060
6,-1151,1688453659761064
6,15685,1688453659871060
6,31835,1688453659981060
6,13134,1688453660091060
6,21572,1688453660201060
6,-20993,1688453660311064
6,15773,1688453660421064
6,14862,1688453660531064
6,-15427,1688453660641064
6,7351,1688453660751064
6,23717,1688453660861219
6,-17829,1688453660971060
6,3222,1688453661081358
6,30823,1688453661191095
6,-17988,1688453661301056
6,341,1688453661411068
6,32038,1688453661521366
6,-12956,1688453661631243
6,25426,1688453661741159
6,19911,1688453661851366
6,2781,1688453661961060
6,14581,1688453662071076
6,-21214,1688453662181072
6,4308,1688453662291052
6,29503,1688453662401068
6,19419,1688453662511366
6,-21651,1688453662621366
6,22780,1688453662731060
6,-22040,1688453662841060
6,-18216,1688453662951052
6,-1577,1688453663061064
6,4222,1688453663168493
6,-11599,1688453663281346
6,-3090,1688453663391064
6,-15115,1688453663501091
6,-30088,1688453663611076
6,12302,1688453663721076
6,32392,1688453663831361
6,19457,1688453663941350
6,-16714,1688453664051060
6,-25039,1688453664161052
6,-28621,1688453664271064
6,-22908,1688453664381056
6,5803,1688453664491060
6,-20536,1688453664599323
6,26991,1688453664711366
6,-6507,1688453664821362
6,-18258,1688453664931374
6,18012,1688453665041068
6,-1872,1688453665151072
6,8946,1688453665261362
6,25553,1688453665371095
6,3382,1688453665481068
6,-22460,1688453665591064
6,20406,1688453665701088
6,8262,1688453665811064
6,24865,1688453665921068
6,4952,1688453666026630
6,1464,1688453666141358
6,-5757,1688453666251068
6,-10289,1688453666361378
6,14583,1688453666471064
6,7978,1688453666581060
6,-15006,1688453666691072
6,-10227,1688453666800307
6,4973,1688453666911060
6,22555,1688453667021358
6,-11312,1688453667131064
6,21366,1688453667241064
6,-23310,1688453667351060
6,-5408,1688453667461068
6,28528,1688453667571366
6,13095,1688453667681060
6,-31038,1688453667791052
6,-24981,1688453667901390
6,32078,1688453668011358
6,-2481,1688453668121060
6,-23957,1688453668231072
6,-6673,1688453668341358
6,20843,1688453668451096
6,32679,1688453668561056
6,21630,1688453668671060
6,16546,1688453668781052
6,5715,1688453668891072
6,-31728,1688453669001108
6,-1001,1688453669111362
6,-10466,1688453669221064
6,-32105,1688453669331362
6,9940,1688453669441095
6,20715,1688453669551072
6,-7392,1688453669661072
6,-11679,1688453669771076
6,-23240,1688453669881354
6,-23115,1688453669991064
6,-24468,1688453670101088
6,-27306,1688453670211052
6,32386,1688453670321076
6,11367,1688453670431060
6,-29618,1688453670541358
6,916,1688453670651366
6,20359,1688453670761386
6,-15769,1688453670871064
6,-4806,1688453670981084
6,-12696,1688453671091072
6,11560,1688453671201068
6,-25641,1688453671311052
6,-19552,1688453671421370
6,-9564,1688453671531064
6,9909,1688453671641064
6,12622,1688453671751060
6,-2578,1688453671861052
6,-15193,1688453671971213
6,-14489,1688453672081095
6,16198,1688453672191064
6,-7447,1688453672301064
6,-865,1688453672411064
6,-12832,1688453672521064
6,-16943,1688453672631056
6,-6129,1688453672741056
6,14504,1688453672851056
6,-11727,1688453672961060
6,18994,1688453673071064
6,-30204,1688453673181064
6,-17563,1688453673291064
6,30141,1688453673401060
6,-15189,1688453673508429
6,20020,1688453673621374
6,-32713,1688453673731060
6,21391,1688453673841358
6,-11142,1688453673951068
6,16981,1688453674061068
6,-4933,1688453674171386
6,-20284,1688453674281060
6,3538,1688453674391358
6,6815,1688453674501092
6,-10044,1688453674611072
6,-14991,1688453674721358
6,28690,1688453674831134
6,13152,1688453674941109
6,-4521,1688453675047096
6,4931,1688453675161064
6,-212,1688453675271358
6,28492,1688453675381068
6,-19651,1688453675492421
6,32213,1688453675601064
6,-15348,1688453675711077
6,-10015,1688453675821377
6,-30745,1688453675931064
6,26656,1688453676041064
6,32118,1688453676151060
6,-14570,1688453676261052
6,20082,1688453676371068
6,23308,1688453676481068
6,-32381,1688453676591382
6,-29771,1688453676701370
6,6781,1688453676811382
6,-4952,1688453676921072
6,-32564,1688453677031068
6,8752,1688453677141064
6,-9792,1688453677246588
6,17904,1688453677361064
6,14558,1688453677471092
6,-16179,1688453677581052
6,-13204,1688453677691076
6,2293,1688453677801103
6,9993,1688453677911105
6,4296,1688453678021366
6,-27479,1688453678131350
6,27268,1688453678241056
6,10360,1688453678351091
6,9184,1688453678461072
6,6864,1688453678571072
6,3007,1688453678681378
6,8574,1688453678791064
6,-2673,1688453678901350
6,16477,1688453679011072
6,4650,1688453679121064
6,18186,1688453679231072
6,22815,1688453679341064
6,-7035,1688453679451366
6,-12737,1688453679561366
6,-4230,1688453679671092
6,17116,1688453679781350
6,-18131,1688453679891072
6,22611,1688453680001064
6,12400,1688453680111072
6,-14624,1688453680221076
6,2770,1688453680329503
6,-29667,1688453680441064
6,32680,1688453680551060
6,-15004,1688453680661076
6,24595,1688453680771113
6,-3036,1688453680881076
6,-17312,1688453680991350
6,9758,1688453681101366
6,-16828,1688453681211366
6,13297,1688453681321092
6,31309,1688453681431076
6,30730,1688453681541072
6,10797,1688453681651064
6,5090,1688453681761366
6,28332,1688453681871060
6,16875,1688453681981072
6,-24778,1688453682091350
6,798,1688453682201088
6,-4600,1688453682311072
6,-11944,1688453682420735
6,16207,1688453682531060
6,-8704,1688453682641366
6,14424,1688453682751064
6,6207,1688453682861072
6,16700,1688453682971076
6,17071,1688453683081076
6,23058,1688453683191366
6,8081,1688453683301366
6,25969,1688453683411076
6,16222,1688453683521060
6,12279,1688453683631076
6,20367,1688453683741110
6,7904,1688453683851095
6,8487,1688453683961052
6,23875,1688453684066762
6,-22209,1688453684181072
6,5049,1688453684291068
6,8976,1688453684401072
6,-32560,1688453684511068
6,-3463,1688453684621125
6,30001,1688453684731056
6,30242,1688453684841060
6,24195,1688453684951091
6,-28779,1688453685061056
6,-8571,1688453685171060
6,-17233,1688453685281232
6,5024,1688453685390022
6,-23592,1688453685501370
6,6156,1688453685611354
6,-19133,1688453685721064
6,32203,1688453685831072
6,-16648,1688453685941072
6,-24517,1688453686051068
6,-19055,1688453686161052
6,3388,1688453686271358
6,29256,1688453686381064
6,-9295,1688453686491092
6,-30512,1688453686601052
6,-11228,1688453686711068
6,-27769,1688453686821072
6,27732,1688453686931052
6,19884,1688453687041354
6,25975,1688453687151143
6,6725,1688453687261064
6,32155,1688453687371068
6,-4093,1688453687481354
6,-10699,1688453687591064
6,32137,1688453687701370
6,-28877,1688453687811064
6,-5233,1688453687921067
6,20325,1688453688031060
6,-20583,1688453688141064
6,-11703,1688453688251072
6,17089,1688453688359618
6,4988,1688453688471064
6,-22100,1688453688581370
6,-11308,1688453688691096
6,-10083,1688453688801068
6,6195,1688453688911072
6,-12511,1688453689020243
6,-28034,1688453689131370
6,-26784,1688453689241064
6,18088,1688453689351370
6,-5380,1688453689461060
6,5032,1688453689571072
6,32141,1688453689681060
6,18281,1688453689791114
6,18489,1688453689901064
6,30069,1688453690011370
6,28255,1688453690121362
6,12040,1688453690231064
6,32171,1688453690341068
6,-12955,1688453690451068
6,11384,1688453690561072
6,-3941,1688453690671370
6,29015,1688453690781060
6,-19959,1688453690891354
6,-14689,1688453691001064
6,-31375,1688453691111060
6,-24021,1688453691221064
6,-31362,1688453691328458
6,-17466,1688453691441060
6,20365,1688453691551374
6,-805,1688453691661096
6,5584,1688453691771088
6,-21721,1688453691881066
6,-21939,1688453691991056
6,-9038,1688453692101056
6,2493,1688453692211056
6,-11667,1688453692321056
6,-23464,1688453692431056
6,-32582,1688453692541056
6,19620,1688453692651056
6,-23015,1688453692761366
6,-312,1688453692871362
6,-29297,1688453692981092
6,30540,1688453693092488
6,-8183,1688453693201064
6,-21371,1688453693311068
6,23358,1688453693419994
6,22002,1688453693531140
6,-20936,1688453693641064
6,-6709,1688453693751362
6,9390,1688453693861064
6,21107,1688453693971370
6,-11388,1688453694081370
6,3257,1688453694191060
6,22745,1688453694297489
6,-5311,1688453694411362
6,-16814,1688453694521092
6,-8134,1688453694631099
6,10377,1688453694741076
6,26749,1688453694851060
6,31372,1688453694961173
6,-14821,1688453695071064
6,9660,1688453695181358
6,6742,1688453695291060
6,-11237,1688453695401060
6,-14909,1688453695511370
6,-32274,1688453695621060
6,21701,1688453695731056
6,9846,1688453695841378
6,19916,1688453695951060
6,-32031,1688453696061060
6,19485,1688453696171060
6,31327,1688453696281060
6,-13700,1688453696391060
6,-13731,1688453696501060
6,-31624,1688453696611060
6,-12521,1688453696721064
6,12312,1688453696831064
6,31481,1688453696942211
6,23753,1688453697051064
6,-30780,1688453697161076
6,-18955,1688453697271056
6,-14937,1688453697381354
6,-15809,1688453697491362
6,-5431,1688453697601092
6,-20050,1688453697711076
6,21844,1688453697821133
6,13789,1688453697928494
6,5005,1688453698041354
6,20402,1688453698151064
6,-22296,1688453698261358
6,2416,1688453698371060
6,13828,1688453698481374
6,-27723,1688453698591092
6,-29071,1688453698701076
6,-20496,1688453698811366
6,6613,1688453698921354
6,-25602,1688453699031370
6,30666,1688453699141072
6,9914,1688453699251064
6,6006,1688453699361072
6,-15355,1688453699471394
6,9366,1688453699581362
6,24358,1688453699691060
6,17055,1688453699801096
6,7260,1688453699911060
6,-1692,1688453700021064
6,16519,1688453700131064
6,9808,1688453700241064
6,20798,1688453700351064
6,23901,1688453700461064
6,-15744,1688453700571064
6,-21369,1688453700681064
6,15856,1688453700791072
6,15113,1688453700901060
6,-32678,1688453701011060
6,-18707,1688453701121060
6,1179,1688453701231076
6,-29709,1688453701341064
6,-12224,1688453701451064
6,32157,1688453701561064
6,-9366,1688453701671064
6,-20931,1688453701781123
6,17334,1688453701891060
6,10150,1688453702001354
6,2527,1688453702111072
6,32252,1688453702221052
6,13883,1688453702331076
6,2633,1688453702441056
6,689,1688453702551358
6,17756,1688453702661064
6,-23412,1688453702771366
6,-19599,1688453702881092
6,7524,1688453702990445
6,-23559,1688453703101601
6,16715,1688453703211096
6,-10328,1688453703321370
6,-7845,1688453703431060
6,25259,1688453703541428
6,4590,1688453703651354
6,-27260,1688453703761060
6,20143,1688453703871076
6,-26026,1688453703981064
6,-16082,1688453704091064
6,-13724,1688453704201060
6,22053,1688453704311072
6,2304,1688453704421064
6,-20721,1688453704531076
6,-31464,1688453704642175
6,19945,1688453704751354
6,-12175,1688453704861366
6,-15663,1688453704971060
6,15591,1688453705081064
6,18689,1688453705191072
6,-32540,1688453705301076
6,25431,1688453705411089
6,18174,1688453705521366
6,-3939,1688453705631064
6,-14940,1688453705741076
6,-17615,1688453705851354
6,4241,1688453705961064
6,-16821,1688453706071112
6,-12022,1688453706181366
6,-18874,1688453706291374
6,19969,1688453706401366
6,-6134,1688453706511064
6,-27958,1688453706621072
6,-23958,1688453706731072
6,-16866,1688453706841064
6,19827,1688453706951354
6,1889,1688453707061064
6,-9384,1688453707171060
6,17050,1688453707281064
6,30009,1688453707391072
6,22992,1688453707501052
6,21178,1688453707610867
6,-11853,1688453707721366
6,7708,1688453707831354
6,17340,1688453707941064
6,15642,1688453708051366
6,19659,1688453708161060
6,-2824,1688453708271390
6,19985,1688453708381072
6,14359,1688453708491358
6,-29836,1688453708601064
6,4877,1688453708711064
6,-18250,1688453708819598
6,5631,1688453708931396
6,-14976,1688453709041103
6,30476,1688453709146835
6,-32765,1688453709261362
6,-4161,1688453709371139
6,-16847,1688453709477708
6,22464,1688453709591366
6,-9423,1688453709701064
6,-29865,1688453709811072
6,31281,1688453709918683
6,5556,1688453710031064
6,10252,1688453710141354
6,550,1688453710251064
6,27780,1688453710361056
6,-2691,1688453710471076
6,21905,1688453710580551
6,18905,1688453710691370
6,-768,1688453710801386
6,30773,1688453710911413
6,-4392,1688453711021076
6,22323,1688453711131072
6,-27980,1688453711241068
6,-23498,1688453711351091
